#a province can belong to several regions...

italian_region = {
101 102 103 104 105 106 107 108 109 111 112 113 114 115 116 117 118 119 120 121
122 123 124 125 126 127 1247 1774 1862 1875
}

iberian_peninsula = {
206 207 208 209 210 211 212 213 214 215 216 217 218 219 220 221 222 223 224 225 226 227 228 229
230 231 232 1745 1746 1747 1748 1749 1750 333 1851
}

eastasian_trade_ports = {
503 504 515 528 529 530 531 532 533 534 535 536 537 539 541 542 549 553 561 564 568 579 586 592
593 595 596 597 598 603 604 605 606 607 610 613 617 618 619 620 621 622 623 624 625 626 627 628
629 630 668 738 516 517 572 573 590 591 594 599
}

the_carribean = {
482 483 484 485 486 487 488 489 490 491 492 493 494 495 496 497 498 499 500 501 502 1881
}

the_spanish_main = {
741 742 824 825 826 827 828 829 830 831 832 833 834 835 836
}

lowlands_region = {
88 90 91 92 93 94 95 96 97 98 99 100 181 1742 1744 1865 1866
}
 
spanish_netherlands = {
88 90 91 92 93 94 181 1742 1744 1865 1866
}

la_plata_region = {
 769 770 771 772 773 774 775 776 777 778 779 780 781 782 785 786 788 789 790 799
}

german_region = {
44 45 46 47 48 49 50 51 52 53 54 55 56 57 58 59 61 62 63 64 65 66 67 68 69 70 71 72 73 74 
75 76 77 78 79 80 81 82 83 84 85 86 110 128 129 132 133 134 1757 1758 1759 1760 
1761 1762 1768 1769 1770 1775 1857 1858 1863 1868 1872 1874 1876 1878 1880
}

scandinavian_region = {
1 2 3 4 5 6 7 8 9 10 11 12 13 14 15 16 17 18 19 20 21 22 23 24 25 26 27 28 29 30 31 32 315
}

western_balkans = {
129 130 131 136 137 138 139 140 141 142 143 144 145 146 147 148 152 163 164 1766 1767 1773 1853
}

croatia = {
130 131 136 152 1767 
}

serbia = {
137 138 139 140 141 1766
}

eastern_balkans = {
149 150 151 159 160 161 268 1756 1764 1765
}

greece = {
142 143 144 145 146 147 148 149 151 163 164 1773 1853
}

dacia = {
158 160 161 268 1756
}

bulgaria = {
150 159 1764 1765
}

turkey = {
316 317 318 319 320 321 322 323 324 325 326 327 328 329 330 331 332 1846 1848
}

asia_minor = {
316 317 318 319 320 321
}

anatolia = {
322 323 324 325 326 327 328 329 330 331 332 1846 1848
}

jagellonian_empire = {
35 36 37 38 39 40 41 42 43 60 135 153 154 155 156 157 158 162 254 255 256 257 258 259 260 261
262 263 264 265 266 269 270 271 272 273 275 276 277 278 279 280 281 289 290 292 1771 1772 1859
1864
}

wielkopolska = {
41 42 43 254 255 256 257 269 1859
}

malopolska = {
258 259 260 261 262
}

lithuania = {
35 36 37 38 39 40 270 271 272 273
}

belarus = {
275 276 277 278 292
}

ruthenia = {
279 280 281 289 290
}

slovakia = {
154 162 1772
}

hungary = {
135 153 155 156 157 158 1864
}

british_isles = {
233 234 235 236 237 238 239 240 241 242 243 244 245 246 247 248 249
250 251 252 253 369 372 373 374 375 376 1860 1861
}

french_region = {
87 89 167 168 169 170 171 172 173 174 175 176 177 178 179 180 182 183 184 185 186 187 188 189
190 191 192 193 194 195 196 197 198 199 200 201 202 203 204 1743 1877 1879
}

portuguese_region = {
227 228 229 230 231 232 1851
}

leon = {
206 207 208 216 218 1747
}

castille = {
209 210 215 217 219 1745 1746
}

andalusia = {
221 222 223 224 225 226 1748 1749
}

aragon = {
211 212 213 214 220 333 1750
}

gallia = {
87 89 167 168 177 178 179 182 183 184 185 186 190 191 192 193 1743 1877 1879
}

brittany = {
169 170 171 172
}

aquitania = {
173 174 175 176 180 194
}

occitania = {
195 196 197 198 199 200 201 202 203 204
}

ireland = {
372 373 374 375 376
}

highlands = {
252 253 369
}

lowlands = {
248 249 250 251
}

northumbria = {
244 245 246 247
}

mercia = {
234 237 239 240 243 1860 1861
}

wales = {
233 241 242
}

essex = {
235 236 238
}

denmark = {
12 13 14 15
}

norway = {
17 20 21 22 23 24 315
}

sweden = {
1 2 3 4 5 6 7 8 9 10 11 16 18 25 26
}

finland = {
19 27 28 29 30 31 32
}

old_saxony = {
44 45 53 54 55 56 57 82 1758 1762 1775 1857 1874
}

northeastern_germany = {
46 47 48 49 50 51 52 59 1759 1858
}

franconia = {
58 61 62 63 66 78 79 81 1876
}

lotharingia = {
75 80 83 84 85 86 187 188 189 1760 1761 1878 1880
}

swabia = {
64 65 67 68 69 70 71 72 74 77 1757 1868 1872
}

helvetia = {
165 166 1867 1869 1870 1871 1873
}

austria = {
73 110 128 129 132 133 134 1768 1770 1863
}

bohemia = {
60 263 264 265 266 267 1763 1771
}

lombardia = {
101 102 103 104 105 106 107 108 109 110 111 112 113 115 116 117 127 205 1247 1774 1862 1875
}

two_sicilies = {
120 121 122 123 124 125 126
}

eastern_north_america = {
938 950 953 957 962 965 966 967 968 970 971 980 981 984
}

indian_coast = {
515 528 529 530 531 532 533 534 535 536 537 539 541 542 549 572 573
}

australian_coast = {
1084 1085 1086 1087 1088 1089 1090 1091 1092 1093 1094
}

indonesian_region = {
617 618 619 620 621 622 623 624 625 626 627 628 629 630 631 632 633 634 635 636 637 638  639 640
641 642 643 644 645 646 647 648 649 650 651 652 653 654 655 656 657 658 659
}

brazil_region = {
747 748 749 750 751 752 753 754 755 756 757 758 759 760 761 762 763 764 765 766 767 768 769 770
771
}

west_african_coast = {
1110 1111 1112 1118 1119 1126 1139 1141 1164 1165 1167 1168 1097
}

japanese_region = {
1012 1013 1014 1016 1017 1018 1019 1020 1021 1022 1023 1024 1025 1026 1027
1028 1029 1030 1031 1815 1817 1818 1819 1820 1823 1825 1826 1827 1828 1830
1831 1832 1834 1835 1837 1839 1841 1842 1843 1847 1852
}

chinese_coast = {
665 666 667 668 669 684 685 690 691 695 704 726 1816 1821 1822 1824 1829
}

persian_region = {
412 413 414 417 426 427 428 429 430 431 432 433 434 435 436 445 446 447 449
}

indian_region = {
515 516 517 518 525 526 527 528 529 530 531 532 533 534 535 536 537 538 539 540 541 542 543 544
545 546 547 548 549 550 551 552 553 556 559 560 561 563 564 572 573
}

western_siberia = {
305 471 472 473 474 475 479 480 1061 1062 1063 1064 1065 1067 1068 1069 1070 1071 1072 1073 1074 1075
1076 1077 1078 1079 1080 1081 1082
}

eastern_siberia = {
1032 1033 1034 1035 1036 1037 1038 1039 1040 1041 1042 1043 1044 1045 1046 1047 1048 1049 1050
1051 1052 1053 1054 1055 1056 1057 1058 1059 1060
}

manchuria = {
724 725 727 728 729 730 731 1850
}

korean_region = {
732 733 734 735 736 737 1845
}

the_thirteen_colonies = {
929 931 932 933 935 936 937 938 949 950 951 952 953 954 955 956 957 958 962 963 965 966 967 968
970 971
}

the_mississippi_region = {
893 894 895 910 911 912 913 914 915 916 917 918 919 920 921 922 924 925 930 934 939 940 941 942 943 944 945 946 947 948
}

westphalian_region = {
52 53 56 57 81 82 83 86 1758 1762
}

east_asian_cot = {
596 630 667 1013 1020 1821
}

ming_china = {
660 661 662 663 664 665 666 667 668 669 670 671 672 673 674 675 679 680 681 682 683 684 685 686
687 688 689 690 691 692 693 694 695 696 697 698 699 700 703 704 707 708 709 723 726 738 1816
1821 1822 1824 1829 1833 1836 1838 1840
}

south_american_region = {
741 742 743 744 745 746 747 748 749 750 751 752 753 754 755 756 757 758 759 760 761 762 763 764
765 766 767 768 769 770 771 772 773 774 775 776 777 778 779 780 781 782 783 784 785 786 787 788
789 790 791 792 793 794 795 796 797 798 799 800 801 802 803 804 805 806 807 808 809 810 811 812
813 814 815 816 817 818 819 820 821 822 823 824 825 826 827 828 829 830 831 832 833 834
}

central_american_region = {
835 836 837 838 839 840 841 842 843 844 845 846 847 848 849 850 851 852 853 854 855 856 857 858
859 860 861 862 863 864 865 866 875 876 877 878 879 880 881 882 883 884
}

north_american_region = {
884 885 886 887 888 889 890 891 892 893 894 895 896 897 898 899 900 901 902 903 904 905 906 907
908 909 910 911 912 913 914 915 916 917 918 919 920 921 922 923 924 925 926 927 928 929 930 931
932 933 934 935 936 937 938 939 940 941 942 943 944 945 946 947 948 949 950 951 952 953 954 955
956 957 958 959 960 961 962 963 964 965 966 967 968 969 970 971 972 973 974 975 976 977 978 979
980 981 982 983 984 985 986 987 988 989 990 991 992 993 994 995 996 997 998 999 1000 1001 1002
1003 1004 1005 1006 1007 1008 1009 1010 1011
}

great_plains = {
885 886 887 888 889 890 891 892 896 897 898 899 900 901 902 903 904 905 906 907 908
}

eastern_america = {
958 959 960 961 962 963 964 965 966 893 894 895 916 917 918 919 920 921 922 923 924 925 926 927
928 929 930 931 932 933 934 935 936 937 938 939 940 941 942 943 946 947 948 949 950 951 952 953
954 955 956 957
}

northern_america = {
909 910 911 912 913 914 915 944 945 967 968 969 970 971 980 981 982 983 984 985 986 987 988 989
990 991 992 993 994 995 996 997 998 999 1000 1001 1002 1003 1004 1005 1006 1007 1008 1009 1010 1011
}

northwest_america = {
872 873 874 972 973 974 975 976 977 978 979
}

western_america = {
867 868 869 870 871
}

the_andes = {
783 784 787 791 792 793 794 796 795 797 798 800 801 802 803 804 805 806 807 808 809 810 811 812
813 814 815 816 817 818 819 820 821 822 823
}

amazonas = {
743 744 745 746 747 748 749 750 751 752 753 754 755 756 757 758 759 760 761 762 763 764 765
766 767 768
}

south_africa = {
1172 1173 1174 1175 1176 1177 1178 1179 1180 1181 1182 1183 1184 1185 1186 1187 1188 1189 1190
1191 1192 1193 1194 1792
}

central_africa = {
1097 1115 1117 1118 1119 1120 1121 1122 1124 1125 1126 1134 1135 1136 1137 1138
1139 1140 1141 1142 1143 1144 1145 1146 1147 1148 1149 1150 1151 1152 1153 1154 1155 1156 1157
1158 1159 1160 1161 1162 1163 1164 1165 1166 1167 1168 1169 1170 1171 1195 1196 1197 1198 1199
1200 1201 1202 1203 1204 1205 1206 1207 1208 1209 1210 1211 1212 1213 1214 1215 1249
}

north_africa = {
334 335 336 337 338 339 340 341 342 343 344 345 346 347 348 349 350 351 352 353 354 355 356 357
358 359 360 361 362 363 364 365 1110 1111 1112 1113 1114 1116 1123 1127 1128 1129 1130 1131 1132
1133 1216 1217 1218 1219 1220 1221 1222 1223 1224 1225 1226 1227 1228 1229 1230 1231 1232 1233
1234 1751 1882
}

new_zealand_region = {
1106 1107 1108 1109 1246
}

greenland_region = {
1104 1105
}

middle_east_central_asia = {
377 378 379 380 381 382 383 384 385 386 387 388 389 390 391 392 393 394 395 396 397
398 399 400 401 402 403 404 405 406 407 408 409 410 411 412 413 414 415 416 417 418
419 420 421 422 423 424 425 426 427 428 429 430 431 432 433 434 435 436 437 438 439
440 441 442 443 444 445 446 447 448 449 450 451 452 453 454 455 456 457 458 459 460
461 462 463 464 465 466 467 468 469 470 471 472 473 474 475 476 477 478 479 480 1849
1854 1855 1856
}

atlantic_ocean_islands = {
366 367 368 481 1095 1096 1098
}

mascarene_islands = {
1102 1103
}

indian_ocean_islands = {
574 1099 1100 1101 1248
}

pacific_ocean_islands = {
1235 1236 1237 1238 1239 1240 1241 1242 1243 1244 1245
}

russian_region = {
33 34 274 282 283 284 285 286 287 288 291 293 294 295 296 297 298 299 300 301 302 303 304 305
306 307 308 309 310 311 312 313 314 1082 1083 1752 1753 1754 1755 1776 1777 1778 1079 1077
}

iceland_region = {
370 371
}
